mean: -0.04802827676298692
var : 0.9540463494733806
