mean: -0.010249875414011648
var : 1.012611047960183
wrote: artifacts\files\repro_metrics.json
